
 Starting Epoch1

 Starting Epoch1
93.9524275666
64.11154817
44.6722786692
32.6386615218
25.2279392633
20.5991396199
17.6316325956
15.7405003406

 Starting Epoch2
12.5244500889
12.3884555898
12.2130730043
12.0362719475
11.8959884312
11.7624754783
11.607324545
11.4849516109

 Starting Epoch3
11.385818247
11.2164847432
11.0581468586
10.9213870007
10.8402725733
10.7580327736
10.6420343526
10.5605684013

 Starting Epoch4
10.5796803324
10.4063914391
10.2601850915
10.1556996472
10.0901064445
10.0184789916
9.92143232996
9.85320061063

 Starting Epoch5
10.1996005862
9.9269332688
9.72426242821
9.58792718025
9.51039575833
9.43144052145
9.34464017687
9.26859352397

 Starting Epoch6
9.12606677924
9.03390320575
8.93610996478
8.86189758281
8.82025528799
8.76105751021
8.67856134568
8.59300524833

 Starting Epoch7
8.66606724993
8.49500987485
8.33620124285
8.24743978322
8.18917579108
8.1198604497
8.04035358612
7.94529502778

 Starting Epoch8
7.99099528142
7.84139127208
7.70002143418
7.62881639457
7.58091993525
7.5171791941
7.44829106555
7.36417270741

 Starting Epoch9
7.51496957267
7.33413006791
7.17427278437
7.09844967448
7.0522865384
6.9939069858
6.92815150887
6.85609743991

 Starting Epoch10
7.01824520336
6.84893490185
6.69682203373
6.63315233148
6.59606900824
6.54776349293
6.48891869135
6.4150136798

 Starting Epoch11
6.43094242565
6.32861040719
6.22475224445
6.19319781345
6.17365527325
6.132666548
6.08354474869
6.02581365083

 Starting Epoch12
5.99734772258
5.92744138066
5.8488224763
5.82035160916
5.8158770509
5.79338978495
5.74762887313
5.6876204405

 Starting Epoch13
5.49851002688
5.4976386824
5.47034350897
5.46880556076
5.48067174254
5.47203197463
5.44081442998
5.388416067

 Starting Epoch14
5.53272037029
5.41332158216
5.3109707266
5.27417269665
5.25629873879
5.24002884643
5.19761829404
5.15108282818

 Starting Epoch15
5.19920773284
5.12525764811
5.04305659114
5.01882486959
5.01255438531
5.00077992743
4.97289232208
4.92782769735

 Starting Epoch16
4.77433108738
4.77692114169
4.75221413242
4.76355820054
4.78296857532
4.77609024424
4.75746968297
4.71937331025

 Starting Epoch17
4.52161498576
4.55536213707
4.54295207285
4.56015952322
4.58722017619
4.58611263063
4.57649668599
4.536888062

 Starting Epoch18
4.29467830297
4.3477148801
4.36188062598
4.3901279687
4.41475731856
4.42576559679
4.41871571675
4.38122038025

 Starting Epoch19
4.35665507513
4.32550769279
4.28639763507
4.28669098033
4.30016874978
4.30144167408
4.28674527947
4.24733866156

 Starting Epoch20
3.98594617519
4.04428719429
4.06662344081
4.10413450398
4.13641546441
4.14937677261
4.14016861544
4.1100750956

 Starting Epoch21
3.83798143411
3.90907285588
3.93297264977
3.97447786664
4.01843597114
4.02500876884
4.02684064834
3.9984651416

 Starting Epoch22
3.73913229816
3.80218304113
3.82826605483
3.87168391289
3.90941306329
3.92019349743
3.91838388732
3.88576636778

 Starting Epoch23
3.6062506536
3.68260562224
3.71674763221
3.76076956565
3.80271821399
3.8184021417
3.81938348702
3.79016540056

 Starting Epoch24
3.53377402836

 Starting Epoch1
70.8919519581

 Starting Epoch1
3.53377402836

 Starting Epoch1
3.53377402836
3.62155814697
3.6420544925
3.68267299983
3.72361847518
3.7256384544
3.72753320135
3.69844981116

 Starting Epoch2
3.26882325746
3.40480800123
3.47442736975
3.5448565696
3.59973172959
3.62341866903
3.63527183032
3.60906853791

 Starting Epoch3
3.33505784534
3.41291691464
3.45013532111
3.50245026925
3.53946855198
3.55870709904
3.55887661993
3.5321115523

 Starting Epoch4
3.15740399775
3.27158254912
3.33937124496
3.39592019316
3.44432632414
3.47501296893
3.48017322359
3.45156714737

 Starting Epoch5
3.18724884592
3.26204428849
3.30278780784
3.3513348214
3.3914689144
3.41049028144
3.41431824503
3.39507816619

 Starting Epoch6
3.07610953156
3.16840119193
3.22121550664
3.27176719878
3.31458333211
3.34587065207
3.34673940685
3.32325580784

 Starting Epoch7
2.93491756731
3.05252625304
3.12900708466
3.19449809479
3.25114519484
3.27713694321
3.28821871977
3.26334950678

 Starting Epoch8
2.96935752259
3.05332879523
3.10256482596
3.15172516326
3.19820457855
3.22812075931
3.22522915168
3.20475422443

 Starting Epoch9
2.83961030058
2.9487232848
3.01809367397
3.0819871119
3.13009666706
3.1633570714
3.16858262315
3.14354033647

 Starting Epoch10
2.750937503
2.87343349847
2.95178785564
3.01623426911
3.07890102246
3.1083951407
3.11522884719
3.09199825682

 Starting Epoch11
2.68455210125
2.81486755061
2.89768122583
2.96570175446
3.02451276351
3.05559001582
3.05944979797
3.04119725978

 Starting Epoch12
2.8503592617
2.89395243571
2.92392728676
2.96166261768
3.00440444065
3.02736334243
3.02034463478
2.99691994715

 Starting Epoch13
2.67767507913
2.77024932722
2.83415552744
2.89004500436
2.94090722833
2.97443685788
2.97467113146
2.94971034943

 Starting Epoch14
2.61070356197
2.71136793326
2.78426632191
2.8434245375
2.89651947094
2.93247449951
2.92732926444
2.90610461161

 Starting Epoch15
2.55842757365
2.6629968331
2.73983218975
2.79857304427
2.85229699619
2.8869330362
2.88494923691
2.86389144309

 Starting Epoch16
2.54677397914
2.64014924895
2.70356217953
2.76556236474
2.81651489473
2.85032560246
2.85004560661
2.82774581359

 Starting Epoch17
2.5332236548
2.6119797775
2.67485990138
2.73150558655
2.77991179175
2.81416492043
2.80676246702
2.78461812717

 Starting Epoch18
2.51614422574
2.59118599875
2.64867737051
2.69988779442
2.75124423678
2.77818413963
2.77599022746
2.75593939006

 Starting Epoch19
2.5389820726
2.58634994185
2.63298537671
2.67492427151
2.72140297861
2.75099805812
2.74246981773
2.71710427995

 Starting Epoch20
2.43199182405
2.51398979239
2.57467749557
2.62794500888
2.67603069661
2.71255843935
2.71190959743
2.68928312885

 Starting Epoch21
2.36344919555
2.45778554705
2.52733628887
2.58352814161
2.63802949389
2.67246382457
2.66831041683
2.64554927649

 Starting Epoch22
2.35252495607
2.43831492424
2.50629286985
2.5662118131
2.61173911755
2.65050808371
2.64426215827
2.6261555811

 Starting Epoch23
2.36188753736
2.43195464608
2.48744085854
2.54080001591
2.58664273398
2.61974847008
2.6152492291
2.58818850197

 Starting Epoch24
2.34266617599
2.40358697553
2.45859311675
2.51412073189
2.55349317962
2.58891635186
2.58269381404
2.55657765846

 Starting Epoch25
2.24675732223
2.33921764921
2.40676952357
2.47170796699
2.52317766664
2.55621197631
2.55041608405
2.53053290239
